asvID	Total	C1_rep2(%)	C2_rep1(%)	C2_rep2(%)	C3_rep1(%)	C3_rep2(%)	C4_rep1(%)	C4_rep2(%)	P1_rep2(%)	P2_rep1(%)	P2_rep2(%)	P3_rep1(%)	P3_rep2(%)	P4_rep1(%)	P4_rep2(%)	U1_rep1(%)	U1_rep2(%)	U2_rep1(%)	U2_rep2(%)	U3_rep2(%)	U4_rep1(%)	U4_rep2(%)	Taxonomy
asv_1	9644	11.4976	24.0413	12.3291	0.0000	12.6469	15.9503	13.7317	14.5196	19.4833	12.6265	30.7246	13.3668	13.3790	11.6408	24.1463	24.0049	26.0131	22.0903	21.4074	31.3411	20.7831	Bacteria(100);Proteobacteria(100);Gammaproteobacteria(100);Enterobacterales(100);Enterobacteriaceae(100);Salmonella(100);
asv_2	6273	3.2193	0.0000	2.8487	0.0000	3.4321	0.0000	3.4591	7.1090	8.7191	5.9760	0.0000	6.4322	6.7828	5.7433	22.0325	23.8008	29.9346	26.0755	30.0000	28.2799	23.8119	Bacteria(100);Proteobacteria(100);Gammaproteobacteria(100);Burkholderiales(100);Burkholderiaceae(100);Cupriavidus(100);
asv_3	5988	7.0423	0.0000	5.8569	0.0000	6.3705	0.0000	8.4906	15.5106	22.2820	14.3499	0.0000	14.7906	20.0373	12.9898	7.6423	7.1647	0.0000	7.9704	6.2222	12.9738	8.3969	Bacteria(100);Proteobacteria(100);Alphaproteobacteria(100);Rhizobiales(100);Rhizobiaceae(100);Allorhizobium-Neorhizobium-Pararhizobium-Rhizobium(99);
asv_4	5213	7.4447	0.0000	7.0191	34.8936	7.4753	12.6074	8.5535	7.0228	0.0000	7.0064	14.3478	6.1139	0.0000	7.0667	14.3089	12.1249	17.3856	11.0319	13.5556	20.1166	12.6324	Bacteria(100);Proteobacteria(100);Gammaproteobacteria(100);Xanthomonadales(100);Xanthomonadaceae(100);Stenotrophomonas(100);
asv_5	4918	4.5128	0.0000	4.0565	0.0000	5.6182	9.3601	6.5199	6.3766	0.0000	6.9502	15.3623	7.4037	9.7698	5.9617	17.0732	13.1251	19.2157	12.6683	12.0000	0.0000	14.8978	Bacteria(100);Proteobacteria(100);Alphaproteobacteria(100);Rhizobiales(100);Rhizobiaceae(100);Allorhizobium-Neorhizobium-Pararhizobium-Rhizobium(100);
asv_6	4393	12.8485	27.1386	15.1778	0.0000	13.8693	14.1356	9.9371	7.4106	11.3025	6.5380	14.0580	6.4154	8.4007	7.5035	0.0000	0.3674	0.0000	0.0000	0.9630	0.0000	0.6895	Bacteria(100);Firmicutes(100);Bacilli(100);Bacillales(100);Bacillaceae(100);Bacillus(100);
asv_7	3774	8.1345	15.9292	8.3181	29.7872	6.5820	10.7927	7.4423	6.9367	11.0872	6.7441	0.0000	7.2027	9.2719	6.2701	0.0000	2.2862	4.9673	4.8826	3.1852	0.0000	3.2258	Bacteria(100);Proteobacteria(100);Gammaproteobacteria(100);Pseudomonadales(100);Pseudomonadaceae(100);Pseudomonas(96);
asv_8	2983	9.3418	0.0000	8.7967	35.3191	7.3108	11.7479	9.6017	5.0409	0.0000	4.7021	8.5507	4.1206	6.9695	6.3215	0.0000	0.4082	0.0000	0.0000	0.0000	0.0000	0.0000	Bacteria(100);Proteobacteria(100);Gammaproteobacteria(100);Pseudomonadales(100);Pseudomonadaceae(100);Pseudomonas(100);
asv_9	2672	3.9667	0.0000	4.2160	0.0000	5.4067	0.0000	4.7799	6.0750	9.2573	5.4889	0.0000	5.7286	0.0000	5.2807	5.2846	4.4295	0.0000	4.1700	3.7037	0.0000	3.1519	Bacteria(100);Proteobacteria(100);Gammaproteobacteria(100);Enterobacterales(100);Enterobacteriaceae(100);Escherichia-Shigella(100);
asv_10	2600	10.7502	21.3864	13.6053	0.0000	10.9309	14.0401	10.2096	0.8186	0.0000	1.4612	0.0000	1.5578	2.8625	1.9144	0.0000	0.0000	0.0000	0.0000	0.0000	0.0000	0.0000	Bacteria(100);Proteobacteria(100);Gammaproteobacteria(100);Burkholderiales(100);Chromobacteriaceae(100);Chromobacterium(100);
asv_11	2334	5.2314	0.0000	3.1905	0.0000	3.6906	4.8711	3.6897	4.0931	0.0000	3.5594	6.9565	2.5628	0.0000	5.7690	4.2276	3.7559	0.0000	4.2491	4.2222	7.2886	4.6540	Bacteria(100);Proteobacteria(100);Gammaproteobacteria(100);Pseudomonadales(100);Pseudomonadaceae(100);Pseudomonas(100);
asv_12	1639	0.5749	0.0000	0.4558	0.0000	0.5407	0.0000	0.5031	4.0069	8.9343	5.0393	0.0000	6.7337	7.2806	5.1137	1.3821	1.3268	2.4837	0.8973	1.0370	0.0000	1.0096	Bacteria(100);Firmicutes(100);Bacilli(100);Staphylococcales(100);Staphylococcaceae(100);Staphylococcus(100);
asv_13	1546	2.1558	0.0000	2.0510	0.0000	1.7160	2.9608	2.7044	2.9298	0.0000	2.4728	0.0000	2.0938	2.4891	2.3127	3.9024	4.5519	0.0000	3.5366	3.4815	0.0000	3.7183	Bacteria(100);Proteobacteria(100);Gammaproteobacteria(100);Enterobacterales(100);Enterobacteriaceae(100);Salmonella(99);
asv_14	1286	3.3343	0.0000	2.5752	0.0000	3.5261	0.0000	3.1027	3.2745	5.1668	3.1098	0.0000	2.2948	0.0000	2.7496	0.0000	1.1023	0.0000	0.8446	0.0000	0.0000	0.7880	Bacteria(100);Proteobacteria(100);Alphaproteobacteria(100);Rhodobacterales(100);Rhodobacteraceae(100);Rhodobacteraceae(100);
asv_15	1266	3.9379	8.4071	4.4667	0.0000	4.7485	3.5339	2.8302	0.0000	0.0000	2.2480	4.9275	1.9598	2.9247	2.3641	0.0000	0.0000	0.0000	0.0000	0.0000	0.0000	0.0000	Bacteria(100);Firmicutes(100);Bacilli(100);Bacillales(100);Bacillaceae(100);Bacillus(100);
asv_16	1231	2.6732	3.0973	1.9143	0.0000	2.3037	0.0000	2.4109	3.4899	0.0000	3.8966	0.0000	3.5678	5.6005	2.9295	0.0000	0.0000	0.0000	0.0000	0.0000	0.0000	0.0000	Bacteria(100);Proteobacteria(100);Gammaproteobacteria(100);Alteromonadales(100);Alteromonadaceae(100);Alteromonas(100);
asv_17	1095	1.9546	0.0000	1.1395	0.0000	1.5985	0.0000	1.6981	2.5851	0.0000	3.2596	5.0725	3.4506	0.0000	3.0322	0.0000	0.7144	0.0000	0.7390	0.0000	0.0000	1.3297	Bacteria(100);Proteobacteria(100);Alphaproteobacteria(100);Rhodobacterales(100);Rhodobacteraceae(100);Paracoccus(100);
asv_18	695	0.4312	0.0000	0.3191	0.0000	0.4937	0.0000	0.3354	2.8005	3.7675	2.0794	0.0000	3.0151	4.2315	2.0301	0.0000	0.2449	0.0000	0.0000	0.0000	0.0000	0.0000	Bacteria(100);Firmicutes(100);Bacilli(100);Staphylococcales(100);Staphylococcaceae(100);Staphylococcus(100);
asv_19	358	0.9485	0.0000	0.6837	0.0000	0.5877	0.0000	0.0000	0.0000	0.0000	0.7119	0.0000	0.6365	0.0000	1.2335	0.0000	0.5920	0.0000	0.8446	0.0000	0.0000	0.9111	Bacteria(100);Proteobacteria(100);Gammaproteobacteria(100);Pseudomonadales(100);Pseudomonadaceae(100);Pseudomonas(100);
asv_20	213	0.0000	0.0000	0.9799	0.0000	1.1519	0.0000	0.0000	0.0000	0.0000	0.5433	0.0000	0.5528	0.0000	0.7195	0.0000	0.0000	0.0000	0.0000	0.2222	0.0000	0.0000	Bacteria(100);Deinococcota(100);Deinococci(100);Thermales(100);Thermaceae(100);Thermus(100);
asv_21	81	0.0000	0.0000	0.0000	0.0000	0.0000	0.0000	0.0000	0.0000	0.0000	0.6557	0.0000	0.0000	0.0000	0.5910	0.0000	0.0000	0.0000	0.0000	0.0000	0.0000	0.0000	Bacteria(100);Firmicutes(100);Bacilli(100);Staphylococcales(100);Staphylococcaceae(100);Staphylococcus(100);
asv_22	67	0.0000	0.0000	0.0000	0.0000	0.0000	0.0000	0.0000	0.0000	0.0000	0.5807	0.0000	0.0000	0.0000	0.4625	0.0000	0.0000	0.0000	0.0000	0.0000	0.0000	0.0000	Bacteria(100);Firmicutes(100);Bacilli(100);Staphylococcales(100);Staphylococcaceae(100);Staphylococcus(100);
